00 ff ff ff ff ff ff 08 00 20 02 45 9e 08 06 00 01
10 08 00 06 04 00 01 08 00 20 02 45 9e 81 68 fe 06
sdansdjkankjasnd
20 00 00 00 00 00 00 81 68 fe 05 00 00 00 00 00 00
30 00 00 00 00 00 00 00 00 00 00 00 

sanalnfdlanf
falkfla
32a

00 00 50 7f 05 7d 40 00 10 a4 86 2d 0b 08 00 45 00
10 00 3c 17 96 40 00 40 06 6d f3 0a 21 b6 b2 c0 37
20 34 28 84 b3 00 50 b6 94 b0 b7 00 00 00 00 a0 02
30 16 d0 e8 23 00 00 02 04 05 b4 04 02 08 0a 00 6f
40 a7 21 00 00 00 00 01 03 03 00

00 00 50 7f 05 7d 40 00 10 a4 86 2d 0b 08 00 45 00
10 00 34 17 97 40 00 40 06 6d fa 0a 21 b6 b2 c0 37
20 34 28 84 b3 00 50 b6 94 b0 b8 24 67 89 e9 80 10
30 16 d0 68 77 00 00 01 01 08 0a 00 6f a7 32 00 00
40 00 00
