00 ff ff ff ff ff ff 08 00 20 02 45 9e 08 06 00 01
10 08 00 06 04 00 01 08 00 20 02 45 9e 81 68 fe 06
sdansdjkankjasnd
20 00 00 00 00 00 00 81 68 fe 05 00 00 00 00 00 00
30 00 00 00 00 00 00 00 00 00 00 00 

sanalnfdlanf
falkfla
32a

00 00 26 b9 e8 7e f1 00 12 f2 21 da 00 08 00 45 00
10 05 dc e3 cd 20 10 35 06 25 eb 0a 0a 0a 02 c0 a8
20 01 03 c3 9e 0f 40 00 00 10 00 00 00 14 00 70 10
30 00 5c 59 99 00 00 02 04 05 b4 01 03 03 06 00 00
40 01 98 64 34 e8 90 84 98 20 12 18 19 04 85 80 00